image_width: 1280
image_height: 720
camera_name: na1_1280x720
camera_matrix:
  rows: 3
  cols: 3
  data: [1269.44956,    0.     ,  654.33701,
            0.     , 1266.81206,  363.50659,
            0.     ,    0.     ,    1.     ]
distortion_model: plumb_bob
distortion_coefficients:
  rows: 1
  cols: 5
  data: [0.137186, -0.250180, 0.002063, -0.002827, 0.000000]
rectification_matrix:
  rows: 3
  cols: 3
  data: [1., 0., 0.,
         0., 1., 0.,
         0., 0., 1.]
projection_matrix:
  rows: 3
  cols: 4
  data: [1293.50476,    0.     ,  651.0811 ,    0.     ,
            0.     , 1291.59644,  364.22651,    0.     ,
            0.     ,    0.     ,    1.     ,    0.     ]
